Webots Project File version R2025a
perspectives: 000000ff00000000fd00000002000000010000011c00000210fc0200000001fb0000001400540065007800740045006400690074006f00720000000017000002100000003f00ffffff000000030000051400000095fc0100000001fb0000001a0043006f006e0073006f006c00650041006c006c0041006c006c0300000042000002100000051200000073000005140000021000000001000000020000000100000008fc00000000
simulationViewPerspectives: 000000ff000000010000000200000100000001700100000002010000000100
sceneTreePerspectives: 000000ff00000001000000030000001d000000c0000000fa0100000002010000000200
maximizedDockId: -1
centralWidgetVisible: 1
orthographicViewHeight: 1
textFiles: -1
consoles: Console:All:All
renderingDevicePerspectives: Mavic 2 PRO:camera;1;0.295313;0.816698;0
renderingDevicePerspectives: Mavic 2 PRO:track_camera;1;0.328125;0.796545;0.318376
